2.043000000000000114e+02
1.167000000000000028e+02
2.618000000000000114e+02
7.105000000000000000e+02
1.395000000000000000e+02
6.780000000000000000e+02
5.713999999999999773e+02
4.251999999999999886e+02
1.030000000000000071e+01
5.622000000000000455e+02
4.724000000000000341e+02
5.362999999999999545e+02
7.200000000000000178e+00
3.017000000000000455e+02
2.731000000000000227e+02
4.134000000000000341e+02
7.611999999999999318e+02
3.500000000000000000e+01
4.188000000000000114e+02
8.493999999999999773e+02
1.983000000000000114e+02
8.704000000000000909e+02
1.829000000000000057e+02
6.425000000000001137e+02
2.603000000000000114e+02
5.816999999999999318e+02
1.590000000000000000e+02
2.050999999999999943e+02
3.199000000000000341e+02
1.380000000000000071e+01
5.458000000000000682e+02
1.620000000000000000e+02
7.240000000000000568e+01
5.937000000000000455e+02
7.886000000000000227e+02
6.015000000000000000e+02
5.636999999999999318e+02
5.270000000000000000e+02
4.048000000000000114e+02
6.699000000000000909e+02
6.762000000000000455e+02
1.227000000000000028e+02
3.531999999999999886e+02
5.972000000000000455e+02
5.907000000000000455e+02
1.299000000000000057e+02
8.647999999999999545e+02
4.574000000000000341e+02
1.441999999999999886e+02
5.296000000000000227e+02
4.156000000000000227e+02
7.150000000000000000e+01
4.084000000000000341e+02
5.345000000000000000e+02
4.240000000000000568e+02
2.900000000000000568e+02
2.030000000000000000e+02
8.677000000000000455e+02
1.325999999999999943e+02
2.631000000000000227e+02
8.211000000000000227e+02
6.394000000000000909e+02
7.443000000000000682e+02
2.365999999999999943e+02
8.712000000000000455e+02
6.498999999999999773e+02
7.571999999999999318e+02
6.545000000000001137e+02
3.551999999999999886e+02
8.363999999999999773e+02
5.453999999999999773e+02
3.934000000000000341e+02
5.368000000000000682e+02
1.358000000000000114e+02
4.736999999999999886e+02
3.278000000000000114e+02
4.356000000000000227e+02
4.360000000000000142e+01
5.620000000000000000e+02
5.235000000000001137e+02
7.855000000000001137e+02
6.581000000000000227e+02
2.160000000000000000e+02
4.633000000000000114e+02
4.951000000000000227e+02
8.657999999999999545e+02
2.471999999999999886e+02
4.322000000000000455e+02
6.023999999999999773e+02
2.015000000000000000e+02
1.607999999999999829e+02
5.802000000000000455e+02
5.010000000000000000e+02
5.378000000000000682e+02
4.568000000000000114e+02
1.122000000000000028e+02
4.427000000000000455e+02
2.770000000000000284e+01
5.673000000000000682e+02
6.142000000000000455e+02
5.307000000000000455e+02
5.592000000000000455e+02
7.566000000000000227e+02
5.870000000000001137e+02
5.338000000000000682e+02
7.055000000000000000e+02
2.490000000000000213e+01
1.343000000000000114e+02
7.125000000000000000e+02
1.214000000000000057e+02
4.385000000000000000e+02
3.143000000000000114e+02
5.662000000000000455e+02
6.405000000000000000e+02
4.776000000000000227e+02
4.243999999999999773e+02
2.126999999999999886e+02
5.039999999999999858e+01
5.368000000000000682e+02
4.833999999999999773e+02
4.499000000000000341e+02
6.055000000000000000e+02
4.715000000000000000e+02
2.851999999999999886e+02
4.412000000000000455e+02
4.786999999999999886e+02
6.763999999999999773e+02
3.817000000000000455e+02
4.921999999999999886e+02
3.763000000000000114e+02
7.634000000000000909e+02
7.322000000000000455e+02
2.415999999999999943e+02
7.611000000000000227e+02
1.402000000000000171e+02
1.610000000000000000e+02
3.558999999999999773e+02
3.824000000000000341e+02
5.425000000000000000e+02
3.160000000000000000e+02
6.278999999999999773e+02
3.113999999999999773e+02
3.760000000000000000e+02
1.763000000000000114e+02
4.356000000000000227e+02
7.350000000000001421e+01
7.588999999999999773e+02
1.663000000000000114e+02
5.911000000000000227e+02
5.870000000000001137e+02
8.768999999999999773e+02
6.478999999999999773e+02
5.930000000000000426e+01
4.276999999999999886e+02
5.433999999999999773e+02
7.430000000000000000e+02
6.902000000000000455e+02
8.365000000000000000e+02
6.050000000000000000e+02
5.989999999999999858e+01
4.021999999999999886e+02
4.693000000000000114e+02
4.719999999999999574e+01
7.996000000000000227e+02
2.514000000000000057e+02
7.073000000000000682e+02
6.033000000000000682e+02
4.908000000000000114e+02
4.685000000000000000e+02
2.055999999999999943e+02
2.030000000000000000e+02
6.558999999999999773e+02
5.619000000000000909e+02
3.188000000000000114e+02
8.762000000000000455e+02
6.485000000000001137e+02
5.228000000000000682e+02
8.772000000000000455e+02
5.880000000000001137e+02
8.389000000000000909e+02
3.271000000000000227e+02
5.061999999999999886e+02
3.318000000000000114e+02
2.116999999999999886e+02
3.484000000000000341e+02
7.400000000000001421e+01
3.303000000000000114e+02
5.726999999999999318e+02
4.425000000000000000e+02
8.617999999999999545e+02
2.429000000000000057e+02
1.202999999999999972e+02
6.900000000000000355e+00
3.061000000000000227e+02
3.210999999999999659e+02
3.381000000000000227e+02
6.682000000000000455e+02
1.450000000000000284e+02
5.382999999999999545e+02
5.241000000000000227e+02
4.010000000000000142e+01
6.028999999999999773e+02
6.281999999999999318e+02
8.343000000000000682e+02
1.937000000000000171e+02
2.436999999999999886e+02
3.318000000000000114e+02
2.523000000000000114e+02
6.233000000000000682e+02
6.760000000000000853e+01
6.142000000000000455e+02
3.939000000000000341e+02
1.290999999999999943e+02
3.737000000000000455e+02
3.758999999999999773e+02
4.754000000000000341e+02
1.251000000000000085e+02
3.147000000000000455e+02
3.633000000000000114e+02
9.630000000000001137e+01
8.767999999999999545e+02
8.677000000000000455e+02
2.983000000000000114e+02
5.702000000000000455e+02
3.613999999999999773e+02
7.466000000000000227e+02
9.439999999999999147e+01
9.140000000000000568e+01
2.000000000000000000e+00
8.190000000000000000e+02
8.086000000000000227e+02
8.226000000000000227e+02
8.241000000000000227e+02
4.278000000000000114e+02
3.735000000000000000e+02
5.732000000000000455e+02
8.326000000000000227e+02
7.416000000000000227e+02
4.655000000000000000e+02
7.403000000000000682e+02
5.621000000000000227e+02
4.101000000000000227e+02
3.961000000000000227e+02
8.012999999999999545e+02
1.002000000000000028e+02
8.376999999999999318e+02
3.451000000000000227e+02
2.453000000000000114e+02
7.392000000000000455e+02
6.280000000000000000e+02
2.435000000000000284e+02
3.374000000000000341e+02
4.308000000000000114e+02
1.739000000000000057e+02
3.885000000000000000e+02
6.590000000000000568e+01
4.936000000000000227e+02
3.506000000000000227e+02
3.700000000000000711e+01
5.455000000000000000e+02
2.287000000000000171e+02
4.873000000000000114e+02
7.939999999999999147e+01
3.610000000000000568e+02
7.500000000000000000e+00
8.446000000000000227e+02
1.755000000000000000e+02
4.454000000000000341e+02
4.166999999999999886e+02
7.423000000000000682e+02
2.570000000000000000e+02
2.165000000000000000e+02
4.361000000000000227e+02
7.415000000000000000e+02
2.196999999999999886e+02
5.986000000000000227e+02
8.490000000000001137e+02
5.693000000000000682e+02
2.820000000000000000e+02
6.811000000000000227e+02
1.044000000000000057e+02
3.794000000000000341e+02
4.566000000000000227e+02
1.050000000000000142e+02
6.284000000000000909e+02
5.522999999999999545e+02
6.587000000000000455e+02
4.628000000000000114e+02
1.580000000000000000e+02
4.163000000000000114e+02
5.170000000000000000e+02
3.255000000000000000e+02
1.325999999999999943e+02
6.668000000000000682e+02
8.246000000000000227e+02
1.475999999999999943e+02
5.127000000000000455e+02
7.671000000000000227e+02
5.281000000000000227e+02
2.276000000000000227e+02
1.640999999999999943e+02
1.455999999999999943e+02
4.196999999999999886e+02
8.613000000000000682e+02
3.768999999999999773e+02
7.063999999999999773e+02
3.570000000000000284e+01
2.661999999999999886e+02
5.007000000000000455e+02
7.073999999999999773e+02
5.806000000000000227e+02
4.920000000000000568e+02
6.508000000000000682e+02
1.420000000000000000e+02
1.141000000000000085e+02
1.490000000000000036e+01
8.654000000000000909e+02
3.969999999999999574e+01
5.505000000000000000e+02
8.463999999999999773e+02
3.892000000000000455e+02
6.155000000000000000e+02
3.716000000000000227e+02
4.230000000000000568e+02
2.486999999999999886e+02
5.543999999999999773e+02
4.689000000000000341e+02
8.270000000000000000e+02
6.481999999999999318e+02
4.571000000000000227e+02
4.745000000000000000e+02
4.963000000000000114e+02
3.266000000000000227e+02
5.830000000000001137e+02
7.478999999999999773e+02
3.500000000000000000e+01
7.407000000000000455e+02
7.087999999999999545e+02
5.640000000000000000e+02
1.702000000000000171e+02
6.562999999999999545e+02
7.942000000000000455e+02
2.696000000000000227e+02
5.925000000000000000e+02
4.638000000000000114e+02
1.879000000000000057e+02
5.861000000000000227e+02
2.428000000000000114e+02
6.458999999999999773e+02
7.259999999999999432e+01
5.510000000000000000e+02
3.108999999999999773e+02
5.038000000000000114e+02
6.479999999999999716e+01
7.731999999999999318e+02
5.897999999999999545e+02
7.671000000000000227e+02
7.506000000000000227e+02
3.441999999999999886e+02
8.115000000000000000e+02
7.906000000000000227e+02
2.821000000000000227e+02
4.479999999999999716e+01
5.853999999999999773e+02
7.393000000000000682e+02
4.911000000000000227e+02
7.543000000000000682e+02
3.479000000000000341e+02
2.956000000000000227e+02
8.507999999999999545e+02
4.149000000000000341e+02
6.493999999999999773e+02
3.500000000000000000e+01
8.485000000000000000e+02
5.975000000000000000e+02
1.566000000000000227e+02
5.136000000000000227e+02
8.089999999999999147e+01
4.445000000000000000e+02
8.771000000000000227e+02
3.870999999999999659e+02
4.528000000000000114e+02
7.544000000000000909e+02
7.493000000000000682e+02
8.011000000000000227e+02
6.321000000000000227e+02
8.510000000000000853e+01
9.190000000000000568e+01
3.885999999999999659e+02
2.325000000000000000e+02
4.300000000000000000e+02
7.578999999999999773e+02
2.791000000000000227e+02
7.066000000000000227e+02
7.504000000000000909e+02
8.734000000000000909e+02
5.648000000000000682e+02
6.104000000000000909e+02
5.492999999999999545e+02
1.915000000000000000e+02
3.792000000000000455e+02
1.339000000000000057e+02
2.154000000000000057e+02
2.741000000000000227e+02
8.009000000000000909e+02
8.206999999999999318e+02
6.050000000000000711e+01
5.325000000000000000e+02
8.737000000000000455e+02
4.211000000000000227e+02
4.236999999999999886e+02
7.591000000000000227e+02
8.775000000000000000e+02
1.945000000000000000e+02
5.840000000000001137e+02
4.210000000000000142e+01
5.559000000000000909e+02
8.710000000000000853e+01
1.529000000000000057e+02
7.029999999999999716e+01
2.533000000000000114e+02
2.941000000000000227e+02
5.130000000000000000e+02
7.865000000000001137e+02
8.653000000000000682e+02
2.100000000000000089e+00
6.960000000000000000e+02
4.310000000000000000e+02
4.383999999999999773e+02
7.655000000000000000e+02
6.891000000000000227e+02
1.343000000000000114e+02
6.665000000000000000e+02
4.650000000000000000e+01
7.090000000000001137e+02
2.875000000000000000e+02
2.766999999999999886e+02
5.430000000000000000e+02
3.305000000000000000e+02
7.555000000000000000e+02
7.840000000000000000e+02
7.738000000000000682e+02
5.480000000000000000e+02
4.063000000000000114e+02
5.358999999999999773e+02
3.296999999999999886e+02
1.821999999999999886e+02
1.533000000000000114e+02
7.691999999999999318e+02
8.757000000000000455e+02
6.067999999999999545e+02
4.623000000000000114e+02
1.554000000000000057e+02
6.158999999999999773e+02
2.193000000000000114e+02
2.168000000000000114e+02
2.529000000000000057e+02
2.848999999999999773e+02
5.809000000000000909e+02
8.445000000000000000e+02
4.450000000000000711e+01
4.676000000000000227e+02
8.712000000000000455e+02
3.743000000000000114e+02
5.261000000000000227e+02
1.670000000000000000e+02
3.150000000000000000e+01
6.787000000000000455e+02
1.778000000000000114e+02
4.517000000000000455e+02
6.124000000000000909e+02
2.153000000000000114e+02
8.776000000000000227e+02
2.491999999999999886e+02
4.241000000000000227e+02
8.686000000000000227e+02
5.706000000000000227e+02
7.295000000000000000e+02
2.247999999999999829e+02
5.415000000000000000e+02
5.665000000000000000e+02
7.374000000000000909e+02
5.649000000000000909e+02
7.354000000000000909e+02
5.493999999999999773e+02
8.607000000000000455e+02
6.025000000000000000e+02
3.045000000000000000e+02
1.960000000000000000e+02
5.512000000000000455e+02
7.860000000000000853e+01
6.308999999999999773e+02
7.514000000000000909e+02
2.093000000000000114e+02
4.046000000000000227e+02
2.585999999999999659e+02
3.591000000000000227e+02
6.669000000000000909e+02
4.161000000000000227e+02
7.106000000000000227e+02
7.257000000000000455e+02
8.565000000000000000e+02
4.700000000000000000e+02
3.098000000000000114e+02
7.161000000000000227e+02
2.360000000000000000e+02
3.526000000000000227e+02
2.360999999999999943e+02
3.345000000000000000e+02
1.805000000000000284e+02
3.610000000000000568e+02
7.372000000000000455e+02
9.070000000000000284e+01
7.168999999999999773e+02
3.227000000000000455e+02
8.275000000000000000e+02
3.470000000000000000e+02
2.456999999999999886e+02
7.568000000000000682e+02
4.119000000000000341e+02
7.578000000000000682e+02
7.005000000000000000e+02
4.124000000000000341e+02
3.961999999999999886e+02
5.606000000000000227e+02
2.287000000000000171e+02
3.102000000000000455e+02
4.704000000000000341e+02
1.147000000000000028e+02
1.599000000000000057e+02
7.467999999999999545e+02
7.113999999999999773e+02
7.180000000000001137e+02
4.786999999999999886e+02
8.594000000000000909e+02
4.566000000000000227e+02
6.408999999999999773e+02
6.068999999999999773e+02
4.614000000000000341e+02
3.995000000000000000e+02
7.026000000000000227e+02
6.867000000000000455e+02
1.141000000000000085e+02
3.081000000000000227e+02
7.182000000000000455e+02
4.398999999999999773e+02
2.771000000000000227e+02
1.000000000000000000e+02
4.401000000000000227e+02
1.227000000000000028e+02
3.878000000000000114e+02
1.495999999999999943e+02
4.216000000000000227e+02
6.976999999999999318e+02
7.821000000000000227e+02
8.532000000000000455e+02
3.611000000000000227e+02
2.780000000000000000e+02
6.128999999999999773e+02
1.192999999999999972e+02
5.282000000000000455e+02
8.103999999999999773e+02
7.630000000000001137e+01
8.405000000000000000e+02
5.913000000000000682e+02
2.473000000000000114e+02
5.702000000000000455e+02
6.539999999999999147e+01
7.587000000000000455e+02
7.939999999999999147e+01
4.068000000000000114e+02
2.095999999999999943e+02
7.611000000000000227e+02
3.808000000000000114e+02
4.396000000000000227e+02
7.762999999999999545e+02
7.454000000000000909e+02
3.223000000000000114e+02
6.910000000000000000e+02
1.113000000000000114e+02
5.828999999999999773e+02
6.240000000000000568e+01
1.652000000000000171e+02
2.539000000000000057e+02
4.128000000000000114e+02
6.531000000000000227e+02
1.227000000000000028e+02
5.400000000000000000e+02
5.092999999999999545e+02
6.727000000000000455e+02
7.570000000000000000e+02
8.447999999999999545e+02
8.530000000000001137e+02
3.793000000000000114e+02
4.833999999999999773e+02
6.240000000000000568e+01
1.785999999999999943e+02
4.308999999999999773e+02
6.186000000000000227e+02
8.031000000000000227e+02
2.866999999999999886e+02
1.881999999999999886e+02
2.941999999999999886e+02
3.536999999999999886e+02
2.721999999999999886e+02
6.397000000000000455e+02
5.215000000000001137e+02
3.057000000000000455e+02
3.455000000000000000e+02
7.196000000000000227e+02
6.112000000000000455e+02
5.713999999999999773e+02
8.373000000000000682e+02
1.365000000000000000e+02
4.771999999999999886e+02
5.743999999999999773e+02
4.191000000000000227e+02
7.688000000000000682e+02
1.864000000000000057e+02
4.413000000000000114e+02
5.373999999999999773e+02
8.389000000000000909e+02
7.872000000000000455e+02
2.918000000000000114e+02
7.060000000000001137e+02
1.429000000000000057e+02
7.989000000000000909e+02
1.650000000000000000e+01
7.560000000000000000e+02
2.736999999999999886e+02
6.388000000000000682e+02
2.741000000000000227e+02
2.834000000000000341e+02
2.575000000000000000e+02
1.959000000000000057e+02
6.861000000000000227e+02
6.495000000000001137e+02
7.503000000000000682e+02
4.759000000000000341e+02
2.527000000000000171e+02
3.862000000000000455e+02
8.022000000000000455e+02
2.050999999999999943e+02
7.426000000000000227e+02
2.858999999999999773e+02
4.960000000000000000e+02
2.737999999999999545e+02
8.661000000000000227e+02
1.171000000000000085e+02
8.661000000000000227e+02
1.478000000000000114e+02
4.343000000000000114e+02
4.426000000000000227e+02
3.321000000000000227e+02
1.132000000000000028e+02
1.838000000000000114e+02
8.632000000000000455e+02
3.128999999999999773e+02
3.855000000000000000e+02
3.625000000000000568e+02
5.422000000000000455e+02
5.392999999999999545e+02
2.153000000000000114e+02
4.203999999999999773e+02
4.126000000000000227e+02
1.930000000000000000e+02
5.465999999999999091e+02
8.560000000000000853e+01
7.432000000000000455e+02
4.201999999999999886e+02
5.216000000000000227e+02
4.670000000000000000e+02
5.619999999999999574e+01
5.492000000000000455e+02
3.934000000000000341e+02
2.094000000000000057e+02
5.382000000000000455e+02
2.410000000000000284e+02
1.049000000000000057e+02
5.362999999999999545e+02
4.535999999999999659e+02
7.492000000000000455e+02
8.007000000000000455e+02
2.144000000000000057e+02
4.554000000000000341e+02
5.373999999999999773e+02
8.781000000000000227e+02
7.822000000000000455e+02
5.022999999999999545e+02
3.860999999999999659e+02
6.765999999999999091e+02
1.453000000000000114e+02
2.875000000000000000e+02
8.383000000000000682e+02
7.173000000000000682e+02
2.343000000000000114e+02
1.067999999999999972e+02
7.805000000000001137e+02
8.019000000000000909e+02
5.523999999999999773e+02
6.638999999999999773e+02
5.435999999999999091e+02
4.348000000000000114e+02
2.669000000000000341e+02
3.230000000000000000e+02
6.042000000000000455e+02
5.615000000000000000e+02
6.207000000000000455e+02
3.017000000000000455e+02
5.383999999999999773e+02
6.434000000000000909e+02
1.665000000000000000e+02
5.411000000000000227e+02
4.134000000000000341e+02
2.603000000000000114e+02
5.596000000000000227e+02
3.112000000000000455e+02
4.796000000000000227e+02
2.793000000000000114e+02
8.758999999999999773e+02
2.539000000000000057e+02
1.150000000000000000e+02
1.395000000000000000e+02
7.140000000000001137e+02
5.596999999999999318e+02
3.444000000000000341e+02
3.290000000000000000e+02
5.320000000000000000e+02
6.625000000000000000e+02
2.639000000000000341e+02
3.284000000000000341e+02
7.407999999999999545e+02
5.600000000000000000e+02
5.465999999999999091e+02
4.271999999999999886e+02
1.932999999999999829e+02
6.673999999999999773e+02
1.531999999999999886e+02
3.813000000000000114e+02
2.158000000000000114e+02
7.507000000000000455e+02
1.449000000000000057e+02
3.150999999999999659e+02
2.119000000000000057e+02
8.363999999999999773e+02
5.411000000000000227e+02
4.515999999999999659e+02
4.951000000000000227e+02
6.425000000000001137e+02
7.326000000000000227e+02
1.775999999999999943e+02
6.961000000000000227e+02
5.805000000000000000e+02
5.442999999999999545e+02
3.717000000000000455e+02
1.403000000000000114e+02
6.210000000000000000e+02
5.622000000000000455e+02
8.442000000000000455e+02
6.868000000000000682e+02
8.770000000000000000e+02
4.766999999999999886e+02
3.319000000000000341e+02
7.182000000000000455e+02
2.002000000000000171e+02
4.240000000000000568e+02
4.651000000000000227e+02
1.227000000000000028e+02
6.216000000000000227e+02
2.631000000000000227e+02
5.599000000000000909e+02
7.431000000000000227e+02
5.620000000000000000e+02
5.403999999999999773e+02
3.551999999999999886e+02
2.050000000000000000e+01
8.712000000000000455e+02
2.310000000000000142e+01
8.377999999999999545e+02
2.262999999999999829e+02
8.493999999999999773e+02
1.140000000000000036e+01
5.313999999999999773e+02
1.384000000000000057e+02
5.622000000000000455e+02
4.156000000000000227e+02
6.036000000000000227e+02
1.590000000000000000e+02
2.910000000000000568e+02
6.955000000000000000e+02
1.829000000000000057e+02
4.789000000000000341e+02
5.377000000000000455e+02
7.314000000000000909e+02
5.525000000000000000e+02
5.376000000000000227e+02
8.783000000000000682e+02
8.329999999999999716e+01
5.213999999999999773e+02
8.505000000000000000e+02
7.493000000000000682e+02
5.470000000000000000e+02
8.078000000000000682e+02
5.055000000000000568e+02
4.750000000000000000e+01
7.540000000000000000e+02
3.568000000000000114e+02
7.571999999999999318e+02
1.118000000000000114e+02
4.784000000000000341e+02
8.755000000000000000e+02
9.070000000000000284e+01
5.592000000000000455e+02
2.186000000000000227e+02
3.653000000000000114e+02
5.923000000000000682e+02
3.016000000000000227e+02
3.291999999999999886e+02
3.500000000000000000e+01
7.600000000000000000e+02
4.831000000000000227e+02
1.927999999999999829e+02
3.563999999999999773e+02
7.061000000000000227e+02
3.250000000000000000e+02
2.788000000000000114e+02
4.769000000000000341e+02
6.308999999999999773e+02
1.092000000000000028e+02
8.365000000000000000e+02
4.570000000000000284e+01
4.568000000000000114e+02
7.105000000000000000e+02
8.386000000000000227e+02
1.400999999999999943e+02
3.633999999999999773e+02
7.923999999999999773e+02
4.251999999999999886e+02
7.735000000000001137e+02
8.032000000000000455e+02
4.614000000000000341e+02
1.778000000000000114e+02
1.627999999999999829e+02
3.990000000000000568e+01
2.913000000000000114e+02
4.198000000000000114e+02
3.283000000000000114e+02
8.647999999999999545e+02
4.499000000000000341e+02
4.420000000000000000e+02
4.066000000000000227e+02
6.578000000000000682e+02
4.188000000000000114e+02
3.918000000000000114e+02
8.704000000000000909e+02
8.196000000000000227e+02
5.010000000000000000e+02
1.952000000000000171e+02
5.368000000000000682e+02
3.339000000000000341e+02
7.481000000000000227e+02
1.740999999999999943e+02
3.750000000000000000e+02
7.459999999999999432e+01
4.821999999999999886e+02
6.800000000000000000e+01
6.460000000000000000e+02
4.356000000000000227e+02
3.515000000000000000e+02
5.347000000000000455e+02
5.629000000000000909e+02
5.683000000000000682e+02
3.916999999999999886e+02
8.685000000000000000e+02
2.034000000000000057e+02
1.325999999999999943e+02
4.367000000000000455e+02
5.458000000000000682e+02
1.343000000000000114e+02
3.418000000000000114e+02
4.819999999999999574e+01
5.378000000000000682e+02
2.318000000000000114e+02
4.716999999999999886e+02
3.399000000000000341e+02
6.976000000000000227e+02
1.958000000000000114e+02
4.263999999999999773e+02
2.365999999999999943e+02
1.454000000000000057e+02
3.113999999999999773e+02
6.480000000000000000e+02
1.952000000000000171e+02
6.900000000000000355e+00
5.580000000000000000e+02
5.816999999999999318e+02
1.307999999999999829e+02
6.458000000000000682e+02
1.607999999999999829e+02
5.039999999999999858e+01
2.821000000000000227e+02
1.265000000000000000e+02
7.351000000000000227e+02
1.778000000000000114e+02
1.916000000000000227e+02
7.102000000000000455e+02
2.991000000000000227e+02
3.571000000000000227e+02
2.575999999999999659e+02
8.236999999999999318e+02
1.763000000000000114e+02
1.358000000000000114e+02
4.255000000000000568e+02
9.510000000000000853e+01
8.762000000000000455e+02
5.363999999999999773e+02
3.061000000000000227e+02
9.750000000000000000e+01
3.971999999999999886e+02
3.730000000000000000e+02
2.871000000000000227e+02
2.428000000000000114e+02
2.900000000000000568e+02
6.177999999999999545e+02
7.822000000000000455e+02
4.724000000000000341e+02
5.989999999999999858e+01
2.781000000000000227e+02
7.807000000000000455e+02
5.636999999999999318e+02
3.763000000000000114e+02
4.473000000000000114e+02
1.167000000000000028e+02
4.693000000000000114e+02
1.663000000000000114e+02
3.531999999999999886e+02
6.558999999999999773e+02
2.731000000000000227e+02
6.950000000000000000e+01
7.611999999999999318e+02
6.498999999999999773e+02
4.523000000000000114e+02
6.270000000000000000e+02
5.930000000000000426e+01
2.290999999999999943e+02
4.589000000000000341e+02
4.193000000000000114e+02
2.866999999999999886e+02
7.634000000000000909e+02
6.667000000000000455e+02
7.566000000000000227e+02
5.307000000000000455e+02
1.556999999999999886e+02
5.061999999999999886e+02
2.471999999999999886e+02
6.278999999999999773e+02
1.781999999999999886e+02
1.580000000000000000e+02
2.993999999999999773e+02
3.143000000000000114e+02
1.612999999999999829e+02
6.444000000000000909e+02
7.798999999999999773e+02
9.330000000000001137e+01
7.283000000000000682e+02
4.356000000000000227e+02
2.618000000000000114e+02
2.770000000000000284e+01
3.374000000000000341e+02
6.015000000000000000e+02
4.911999999999999886e+02
7.367999999999999545e+02
1.122000000000000028e+02
6.699000000000000909e+02
7.322000000000000455e+02
7.886000000000000227e+02
7.125000000000000000e+02
5.312000000000000455e+02
5.592000000000000455e+02
7.855000000000001137e+02
3.210999999999999659e+02
8.776000000000000227e+02
6.055000000000000000e+02
1.441999999999999886e+02
3.939000000000000341e+02
2.320000000000000284e+01
2.824000000000000341e+02
3.303000000000000114e+02
8.677000000000000455e+02
1.380000000000000071e+01
3.108999999999999773e+02
6.760000000000000853e+01
8.389000000000000909e+02
7.946000000000000227e+02
4.048000000000000114e+02
6.048999999999999773e+02
1.290999999999999943e+02
4.655000000000000000e+02
6.763999999999999773e+02
7.588999999999999773e+02
7.150000000000000000e+01
5.241000000000000227e+02
4.736999999999999886e+02
5.802000000000000455e+02
3.824000000000000341e+02
6.880000000000000000e+02
1.450000000000000284e+02
4.543000000000000114e+02
4.322000000000000455e+02
5.368000000000000682e+02
8.688999999999999773e+02
9.270000000000000284e+01
4.866999999999999886e+02
4.754000000000000341e+02
3.698000000000000114e+02
5.806000000000000227e+02
5.699000000000000909e+02
5.565000000000000000e+02
5.972000000000000455e+02
2.661999999999999886e+02
6.780000000000000000e+02
2.043000000000000114e+02
4.736000000000000227e+02
5.993999999999999773e+02
1.755000000000000000e+02
4.454000000000000341e+02
4.833999999999999773e+02
7.466000000000000227e+02
2.055999999999999943e+02
2.495000000000000000e+02
1.402000000000000171e+02
4.492000000000000455e+02
8.456000000000000227e+02
2.015000000000000000e+02
1.002000000000000028e+02
3.271000000000000227e+02
8.199000000000000909e+02
2.840000000000000000e+02
2.195000000000000000e+02
3.817000000000000455e+02
1.870000000000000000e+02
3.318000000000000114e+02
4.360000000000000142e+01
2.820000000000000000e+02
3.259000000000000341e+02
6.478999999999999773e+02
2.523000000000000114e+02
1.739000000000000057e+02
5.137000000000000455e+02
2.983000000000000114e+02
7.472000000000000455e+02
8.402000000000000455e+02
8.086000000000000227e+02
7.073000000000000682e+02
2.030000000000000000e+02
1.030000000000000071e+01
4.719999999999999574e+01
2.035999999999999943e+02
1.768000000000000114e+02
4.685000000000000000e+02
5.619000000000000909e+02
7.443000000000000682e+02
3.381000000000000227e+02
4.601999999999999886e+02
8.211000000000000227e+02
2.116999999999999886e+02
4.425000000000000000e+02
6.050000000000000000e+02
2.490000000000000213e+01
7.526000000000000227e+02
6.394000000000000909e+02
3.160000000000000000e+02
1.251000000000000085e+02
8.677000000000000455e+02
1.836999999999999886e+02
6.538000000000000682e+02
3.892000000000000455e+02
5.453999999999999773e+02
6.508000000000000682e+02
8.772000000000000455e+02
2.287000000000000171e+02
5.937000000000000455e+02
5.060000000000000000e+02
5.235000000000001137e+02
3.500000000000000000e+01
7.430000000000000000e+02
6.590000000000000568e+01
3.199000000000000341e+02
6.033000000000000682e+02
1.339000000000000057e+02
4.936000000000000227e+02
5.870000000000001137e+02
1.214000000000000057e+02
6.142000000000000455e+02
8.762000000000000455e+02
4.130000000000000000e+02
1.610000000000000000e+02
5.579000000000000909e+02
2.355000000000000000e+02
3.961000000000000227e+02
7.350000000000001421e+01
8.829999999999999716e+01
6.284000000000000909e+02
2.305000000000000000e+02
2.519999999999999929e+01
7.416000000000000227e+02
3.885000000000000000e+02
6.682000000000000455e+02
2.126999999999999886e+02
6.028999999999999773e+02
7.671000000000000227e+02
2.429000000000000057e+02
3.147000000000000455e+02
4.163000000000000114e+02
6.142000000000000455e+02
4.873000000000000114e+02
2.483000000000000114e+02
2.435000000000000284e+02
5.281000000000000227e+02
4.689000000000000341e+02
8.173999999999999773e+02
8.768999999999999773e+02
6.070000000000000284e+01
2.369000000000000057e+02
7.852999999999999545e+02
4.196999999999999886e+02
8.775000000000000000e+02
8.515000000000000000e+02
4.084000000000000341e+02
5.543999999999999773e+02
8.657999999999999545e+02
5.673000000000000682e+02
6.755000000000000000e+02
6.545000000000001137e+02
7.611000000000000227e+02
7.400000000000001421e+01
1.983000000000000114e+02
3.737000000000000455e+02
8.270000000000000000e+02
4.920000000000000568e+02
5.853999999999999773e+02
5.338000000000000682e+02
5.522999999999999545e+02
5.010000000000000000e+02
9.630000000000001137e+01
3.610000000000000568e+02
7.487999999999999545e+02
5.975000000000000000e+02
4.021999999999999886e+02
7.172000000000000455e+02
1.325999999999999943e+02
4.308000000000000114e+02
3.735000000000000000e+02
8.226000000000000227e+02
1.490000000000000036e+01
7.240000000000000568e+01
5.907000000000000455e+02
4.412000000000000455e+02
4.633000000000000114e+02
4.574000000000000341e+02
4.908000000000000114e+02
5.870000000000001137e+02
2.276000000000000227e+02
2.766999999999999886e+02
8.376999999999999318e+02
7.420000000000000000e+02
6.438000000000000682e+02
5.382999999999999545e+02
8.653000000000000682e+02
8.365000000000000000e+02
8.241000000000000227e+02
7.488999999999999773e+02
5.640000000000000000e+02
1.475999999999999943e+02
2.791000000000000227e+02
3.188000000000000114e+02
6.811000000000000227e+02
3.570000000000000568e+02
7.906000000000000227e+02
4.715000000000000000e+02
7.403000000000000682e+02
5.127000000000000455e+02
4.063000000000000114e+02
7.055000000000000000e+02
6.479999999999999716e+01
5.726999999999999318e+02
2.938000000000000114e+02
3.758999999999999773e+02
6.481999999999999318e+02
5.662000000000000455e+02
8.478999999999999773e+02
7.407000000000000455e+02
6.902000000000000455e+02
4.786999999999999886e+02
4.693000000000000114e+02
1.455999999999999943e+02
8.135000000000000000e+02
5.648000000000000682e+02
7.273000000000000682e+02
4.745000000000000000e+02
8.485000000000000000e+02
8.767999999999999545e+02
3.479000000000000341e+02
4.528000000000000114e+02
4.243999999999999773e+02
5.377000000000000455e+02
1.272999999999999972e+02
3.760000000000000000e+02
3.792000000000000455e+02
4.230000000000000568e+02
5.455000000000000000e+02
2.514000000000000057e+02
5.296000000000000227e+02
8.763000000000000682e+02
6.489999999999999147e+01
2.153000000000000114e+02
3.318000000000000114e+02
2.956000000000000227e+02
5.389000000000000909e+02
2.000000000000000000e+00
8.557999999999999545e+02
6.762000000000000455e+02
7.568000000000000682e+02
7.504000000000000909e+02
5.880000000000001137e+02
7.478999999999999773e+02
4.963000000000000114e+02
7.200000000000000178e+00
1.566000000000000227e+02
4.911000000000000227e+02
2.436999999999999886e+02
5.038000000000000114e+02
3.870999999999999659e+02
5.228000000000000682e+02
3.794000000000000341e+02
6.233000000000000682e+02
7.641000000000000227e+02
7.392000000000000455e+02
7.415000000000000000e+02
7.578999999999999773e+02
7.865000000000001137e+02
5.693000000000000682e+02
8.246000000000000227e+02
2.821000000000000227e+02
8.613000000000000682e+02
4.385000000000000000e+02
1.879000000000000057e+02
7.467999999999999545e+02
3.484000000000000341e+02
3.278000000000000114e+02
4.566000000000000227e+02
8.737000000000000455e+02
2.168000000000000114e+02
5.325000000000000000e+02
6.388999999999999773e+02
4.119000000000000341e+02
5.136000000000000227e+02
8.109000000000000909e+02
1.937000000000000171e+02
4.623000000000000114e+02
4.776000000000000227e+02
6.427000000000000455e+02
6.186000000000000227e+02
2.696000000000000227e+02
5.505000000000000000e+02
4.236999999999999886e+02
3.593000000000000114e+02
5.346000000000000227e+02
5.925000000000000000e+02
7.543000000000000682e+02
4.010000000000000142e+01
8.617999999999999545e+02
3.793000000000000114e+02
8.653000000000000682e+02
6.405000000000000000e+02
3.969999999999999574e+01
6.023999999999999773e+02
6.155000000000000000e+02
3.716000000000000227e+02
6.581000000000000227e+02
8.115000000000000000e+02
8.446000000000000227e+02
1.529000000000000057e+02
2.196999999999999886e+02
5.986000000000000227e+02
7.544000000000000909e+02
7.393000000000000682e+02
6.668000000000000682e+02
9.439999999999999147e+01
7.073999999999999773e+02
4.149000000000000341e+02
1.702000000000000171e+02
4.278000000000000114e+02
4.445000000000000000e+02
1.420000000000000000e+02
4.921999999999999886e+02
6.493999999999999773e+02
5.559000000000000909e+02
2.570000000000000000e+02
1.044000000000000057e+02
1.202999999999999972e+02
7.506000000000000227e+02
2.486999999999999886e+02
2.247999999999999829e+02
4.101000000000000227e+02
7.738000000000000682e+02
3.760000000000000000e+02
1.670000000000000000e+02
2.196999999999999886e+02
8.089999999999999147e+01
4.427000000000000455e+02
8.445000000000000000e+02
7.939999999999999147e+01
9.070000000000000284e+01
2.325000000000000000e+02
8.103999999999999773e+02
3.506000000000000227e+02
6.308999999999999773e+02
6.485000000000001137e+02
2.875000000000000000e+02
8.206999999999999318e+02
3.296999999999999886e+02
8.463999999999999773e+02
4.276999999999999886e+02
7.161000000000000227e+02
6.891000000000000227e+02
5.911000000000000227e+02
7.514000000000000909e+02
5.702000000000000455e+02
3.558999999999999773e+02
2.154000000000000057e+02
5.732000000000000455e+02
6.976999999999999318e+02
1.620000000000000000e+02
7.821000000000000227e+02
2.699000000000000341e+02
8.771000000000000227e+02
5.433999999999999773e+02
8.654000000000000909e+02
5.493999999999999773e+02
8.012999999999999545e+02
7.423000000000000682e+02
6.408999999999999773e+02
4.210000000000000142e+01
2.360999999999999943e+02
5.830000000000001137e+02
8.710000000000000853e+01
3.700000000000000711e+01
2.030000000000000000e+02
5.270000000000000000e+02
3.441999999999999886e+02
3.266000000000000227e+02
7.942000000000000455e+02
4.638000000000000114e+02
4.343000000000000114e+02
8.507999999999999545e+02
5.282000000000000455e+02
5.606000000000000227e+02
3.570000000000000284e+01
8.275000000000000000e+02
3.470000000000000000e+02
8.190000000000000000e+02
5.713999999999999773e+02
8.420000000000000284e+01
4.479999999999999716e+01
1.533000000000000114e+02
8.011000000000000227e+02
2.491999999999999886e+02
7.081000000000000227e+02
2.050999999999999943e+02
2.110000000000000284e+02
1.960000000000000000e+02
5.941000000000000227e+02
1.821999999999999886e+02
5.510000000000000000e+02
4.161000000000000227e+02
2.453000000000000114e+02
1.050000000000000142e+02
6.458999999999999773e+02
3.098000000000000114e+02
4.166999999999999886e+02
1.554000000000000057e+02
7.872000000000000455e+02
2.160000000000000000e+02
2.941000000000000227e+02
5.007000000000000455e+02
6.669000000000000909e+02
5.130000000000000000e+02
2.456999999999999886e+02
1.640999999999999943e+02
3.633000000000000114e+02
4.300000000000000000e+02
3.613999999999999773e+02
2.100000000000000089e+00
5.480000000000000000e+02
3.345000000000000000e+02
2.741000000000000227e+02
1.192999999999999972e+02
5.730000000000000000e+02
4.046000000000000227e+02
4.211000000000000227e+02
3.150000000000000000e+01
3.223000000000000114e+02
8.565000000000000000e+02
5.425000000000000000e+02
1.157999999999999972e+02
4.241000000000000227e+02
9.380000000000001137e+01
4.786999999999999886e+02
1.915000000000000000e+02
5.897999999999999545e+02
8.757000000000000455e+02
8.510000000000000853e+01
7.106000000000000227e+02
6.495000000000001137e+02
8.532000000000000455e+02
3.451000000000000227e+02
5.170000000000000000e+02
3.611000000000000227e+02
8.009000000000000909e+02
7.736000000000000227e+02
4.566000000000000227e+02
5.492999999999999545e+02
4.676000000000000227e+02
2.585999999999999659e+02
8.686000000000000227e+02
2.088000000000000114e+02
6.025000000000000000e+02
6.321000000000000227e+02
8.241000000000000227e+02
7.182000000000000455e+02
6.910000000000000000e+02
6.281999999999999318e+02
7.168999999999999773e+02
8.661000000000000227e+02
7.026000000000000227e+02
7.671000000000000227e+02
3.743000000000000114e+02
4.401000000000000227e+02
8.530000000000001137e+02
1.343000000000000114e+02
7.029999999999999716e+01
2.193000000000000114e+02
5.429999999999999716e+01
4.068000000000000114e+02
8.594000000000000909e+02
3.305000000000000000e+02
1.299000000000000057e+02
3.182000000000000455e+02
2.165000000000000000e+02
1.778000000000000114e+02
7.555000000000000000e+02
6.960000000000000000e+02
5.362999999999999545e+02
5.913000000000000682e+02
4.571000000000000227e+02
8.734000000000000909e+02
1.959000000000000057e+02
7.005000000000000000e+02
5.649000000000000909e+02
6.158999999999999773e+02
2.780000000000000000e+02
4.614000000000000341e+02
6.408999999999999773e+02
7.860000000000000853e+01
1.227000000000000028e+02
2.415999999999999943e+02
4.310000000000000000e+02
1.881999999999999886e+02
7.113999999999999773e+02
2.736999999999999886e+02
6.104000000000000909e+02
6.050000000000000711e+01
4.396000000000000227e+02
8.031000000000000227e+02
8.490000000000001137e+02
6.280000000000000000e+02
1.785999999999999943e+02
7.578000000000000682e+02
7.996000000000000227e+02
1.147000000000000028e+02
6.562999999999999545e+02
2.529000000000000057e+02
5.261000000000000227e+02
4.383999999999999773e+02
8.343000000000000682e+02
2.918000000000000114e+02
6.665000000000000000e+02
5.332000000000000455e+02
4.700000000000000000e+02
5.358999999999999773e+02
9.190000000000000568e+01
3.591000000000000227e+02
7.180000000000001137e+02
8.007000000000000455e+02
4.096000000000000227e+02
6.787000000000000455e+02
3.045000000000000000e+02
7.822000000000000455e+02
2.093000000000000114e+02
3.934000000000000341e+02
5.840000000000001137e+02
3.500000000000000000e+01
4.554000000000000341e+02
7.691999999999999318e+02
3.455000000000000000e+02
7.611000000000000227e+02
2.721999999999999886e+02
3.234000000000000341e+02
3.128999999999999773e+02
8.326000000000000227e+02
3.995000000000000000e+02
7.688000000000000682e+02
8.405000000000000000e+02
3.102000000000000455e+02
7.354000000000000909e+02
4.361000000000000227e+02
7.259999999999999432e+01
1.495999999999999943e+02
7.426000000000000227e+02
6.841000000000000227e+02
4.951000000000000227e+02
4.517000000000000455e+02
2.851999999999999886e+02
8.363999999999999773e+02
6.867000000000000455e+02
1.864000000000000057e+02
4.450000000000000711e+01
3.768999999999999773e+02
6.067999999999999545e+02
9.140000000000000568e+01
6.128999999999999773e+02
2.771000000000000227e+02
3.610000000000000568e+02
5.415000000000000000e+02
1.227000000000000028e+02
7.257000000000000455e+02
6.861000000000000227e+02
4.759000000000000341e+02
3.057000000000000455e+02
6.112000000000000455e+02
7.762999999999999545e+02
1.365000000000000000e+02
3.855000000000000000e+02
8.447999999999999545e+02
8.373000000000000682e+02
4.128000000000000114e+02
4.771999999999999886e+02
4.960000000000000000e+02
3.017000000000000455e+02
8.560000000000000853e+01
1.945000000000000000e+02
3.081000000000000227e+02
1.838000000000000114e+02
8.607000000000000455e+02
3.860999999999999659e+02
2.360000000000000000e+02
4.413000000000000114e+02
6.124000000000000909e+02
3.862000000000000455e+02
5.665000000000000000e+02
2.527000000000000171e+02
3.878000000000000114e+02
4.134000000000000341e+02
4.426000000000000227e+02
5.861000000000000227e+02
7.840000000000000000e+02
6.727000000000000455e+02
5.621000000000000227e+02
2.575000000000000000e+02
2.153000000000000114e+02
1.171000000000000085e+02
1.805000000000000284e+02
1.000000000000000000e+02
4.203999999999999773e+02
1.429000000000000057e+02
3.885999999999999659e+02
2.631000000000000227e+02
6.068999999999999773e+02
3.800999999999999659e+02
2.473000000000000114e+02
5.382000000000000455e+02
2.095999999999999943e+02
2.848999999999999773e+02
7.591000000000000227e+02
2.428000000000000114e+02
8.661000000000000227e+02
7.939999999999999147e+01
3.255000000000000000e+02
1.456999999999999886e+02
6.397000000000000455e+02
7.587000000000000455e+02
3.526000000000000227e+02
1.652000000000000171e+02
4.535999999999999659e+02
4.628000000000000114e+02
2.603000000000000114e+02
5.345000000000000000e+02
8.127000000000000455e+02
8.389000000000000909e+02
3.321000000000000227e+02
2.741000000000000227e+02
7.492000000000000455e+02
5.702000000000000455e+02
7.372000000000000455e+02
7.060000000000001137e+02
5.373999999999999773e+02
3.230000000000000000e+02
8.776000000000000227e+02
8.758999999999999773e+02
7.087999999999999545e+02
8.781000000000000227e+02
2.287000000000000171e+02
1.650000000000000000e+01
6.531000000000000227e+02
7.517999999999999545e+02
7.570000000000000000e+02
7.066000000000000227e+02
7.989000000000000909e+02
6.240000000000000568e+01
3.961999999999999886e+02
7.196000000000000227e+02
2.343000000000000114e+02
1.227000000000000028e+02
6.388000000000000682e+02
7.805000000000001137e+02
5.215000000000001137e+02
7.454000000000000909e+02
8.632000000000000455e+02
1.665000000000000000e+02
2.866999999999999886e+02
5.596000000000000227e+02
3.625000000000000568e+02
7.503000000000000682e+02
2.941999999999999886e+02
5.092999999999999545e+02
7.295000000000000000e+02
4.398999999999999773e+02
8.022000000000000455e+02
6.207000000000000455e+02
6.765999999999999091e+02
5.465999999999999091e+02
2.539000000000000057e+02
2.875000000000000000e+02
7.173000000000000682e+02
6.042000000000000455e+02
4.308999999999999773e+02
7.655000000000000000e+02
1.132000000000000028e+02
5.619999999999999574e+01
5.435999999999999091e+02
5.373999999999999773e+02
8.505000000000000000e+02
7.560000000000000000e+02
5.706000000000000227e+02
4.191000000000000227e+02
7.063999999999999773e+02
5.622000000000000455e+02
5.615000000000000000e+02
3.808000000000000114e+02
5.596999999999999318e+02
3.813000000000000114e+02
7.500000000000000000e+00
2.858999999999999773e+02
5.809000000000000909e+02
4.156000000000000227e+02
6.240000000000000568e+01
3.112000000000000455e+02
5.620000000000000000e+02
1.449000000000000057e+02
3.536999999999999886e+02
6.539999999999999147e+01
5.523999999999999773e+02
4.216000000000000227e+02
1.141000000000000085e+02
1.395000000000000000e+02
5.743999999999999773e+02
5.216000000000000227e+02
2.834000000000000341e+02
2.144000000000000057e+02
5.383999999999999773e+02
7.432000000000000455e+02
2.533000000000000114e+02
2.094000000000000057e+02
6.638999999999999773e+02
3.551999999999999886e+02
5.855000000000000000e+02
2.669000000000000341e+02
6.587000000000000455e+02
6.216000000000000227e+02
7.493000000000000682e+02
4.271999999999999886e+02
2.410000000000000284e+02
5.022999999999999545e+02
6.425000000000001137e+02
2.350999999999999943e+02
1.478000000000000114e+02
4.704000000000000341e+02
1.150000000000000000e+02
4.796000000000000227e+02
2.737999999999999545e+02
6.210000000000000000e+02
7.407999999999999545e+02
6.434000000000000909e+02
7.090000000000001137e+02
1.590000000000000000e+02
5.492000000000000455e+02
1.141000000000000085e+02
4.240000000000000568e+02
6.625000000000000000e+02
5.411000000000000227e+02
1.453000000000000114e+02
6.868000000000000682e+02
7.326000000000000227e+02
5.600000000000000000e+02
6.673999999999999773e+02
5.400000000000000000e+02
5.392999999999999545e+02
5.422000000000000455e+02
2.158000000000000114e+02
2.539000000000000057e+02
8.383000000000000682e+02
2.365999999999999943e+02
4.124000000000000341e+02
8.712000000000000455e+02
5.599000000000000909e+02
4.201999999999999886e+02
1.049000000000000057e+02
5.430000000000000000e+02
5.411000000000000227e+02
8.493999999999999773e+02
1.829000000000000057e+02
1.113000000000000114e+02
1.531999999999999886e+02
3.113999999999999773e+02
5.622000000000000455e+02
1.067999999999999972e+02
5.320000000000000000e+02
1.343000000000000114e+02
1.599000000000000057e+02
4.568000000000000114e+02
7.731999999999999318e+02
7.540000000000000000e+02
2.639000000000000341e+02
1.403000000000000114e+02
4.670000000000000000e+02
5.826999999999999318e+02
8.377999999999999545e+02
1.932999999999999829e+02
5.512000000000000455e+02
1.140000000000000036e+01
4.651000000000000227e+02
5.525000000000000000e+02
4.356000000000000227e+02
1.775999999999999943e+02
2.119000000000000057e+02
7.374000000000000909e+02
4.499000000000000341e+02
8.329999999999999716e+01
7.571999999999999318e+02
8.647999999999999545e+02
7.431000000000000227e+02
8.442000000000000455e+02
1.930000000000000000e+02
1.325999999999999943e+02
4.348000000000000114e+02
4.831000000000000227e+02
6.308999999999999773e+02
4.515999999999999659e+02
5.403999999999999773e+02
1.384000000000000057e+02
2.262999999999999829e+02
3.284000000000000341e+02
5.376000000000000227e+02
3.717000000000000455e+02
7.600000000000000000e+02
6.036000000000000227e+02
6.900000000000000355e+00
2.050000000000000000e+01
2.002000000000000171e+02
3.290000000000000000e+02
8.078000000000000682e+02
5.055000000000000568e+02
5.442999999999999545e+02
5.313999999999999773e+02
7.507000000000000455e+02
7.182000000000000455e+02
2.186000000000000227e+02
5.213999999999999773e+02
5.368000000000000682e+02
4.251999999999999886e+02
4.789000000000000341e+02
7.314000000000000909e+02
3.150999999999999659e+02
1.092000000000000028e+02
4.011999999999999886e+02
2.793000000000000114e+02
2.310000000000000142e+01
4.570000000000000284e+01
8.365000000000000000e+02
1.763000000000000114e+02
2.910000000000000568e+02
5.592000000000000455e+02
6.955000000000000000e+02
3.061000000000000227e+02
5.470000000000000000e+02
4.784000000000000341e+02
2.788000000000000114e+02
5.828999999999999773e+02
7.493000000000000682e+02
5.816999999999999318e+02
3.291999999999999886e+02
5.039999999999999858e+01
3.500000000000000000e+01
4.126000000000000227e+02
8.704000000000000909e+02
1.118000000000000114e+02
4.188000000000000114e+02
5.458000000000000682e+02
3.563999999999999773e+02
3.568000000000000114e+02
8.019000000000000909e+02
3.319000000000000341e+02
5.805000000000000000e+02
9.070000000000000284e+01
3.016000000000000227e+02
6.961000000000000227e+02
5.465999999999999091e+02
1.927999999999999829e+02
8.783000000000000682e+02
3.227000000000000455e+02
7.105000000000000000e+02
7.140000000000001137e+02
3.990000000000000568e+01
5.378000000000000682e+02
3.108999999999999773e+02
8.712000000000000455e+02
4.614000000000000341e+02
1.778000000000000114e+02
1.400999999999999943e+02
5.989999999999999858e+01
1.580000000000000000e+02
5.241000000000000227e+02
3.763000000000000114e+02
7.735000000000001137e+02
2.034000000000000057e+02
3.374000000000000341e+02
5.923000000000000682e+02
6.460000000000000000e+02
4.650000000000000000e+01
4.198000000000000114e+02
3.250000000000000000e+02
6.800000000000000000e+01
8.770000000000000000e+02
8.196000000000000227e+02
3.444000000000000341e+02
3.916999999999999886e+02
4.769000000000000341e+02
7.061000000000000227e+02
3.750000000000000000e+02
2.318000000000000114e+02
3.918000000000000114e+02
4.420000000000000000e+02
1.607999999999999829e+02
3.283000000000000114e+02
7.481000000000000227e+02
4.255000000000000568e+02
4.066000000000000227e+02
6.578000000000000682e+02
8.386000000000000227e+02
3.633999999999999773e+02
3.339000000000000341e+02
5.347000000000000455e+02
1.358000000000000114e+02
1.627999999999999829e+02
8.685000000000000000e+02
4.716999999999999886e+02
4.693000000000000114e+02
3.399000000000000341e+02
1.740999999999999943e+02
5.580000000000000000e+02
2.661999999999999886e+02
1.663000000000000114e+02
4.754000000000000341e+02
1.307999999999999829e+02
5.629000000000000909e+02
6.498999999999999773e+02
4.819999999999999574e+01
1.290999999999999943e+02
1.454000000000000057e+02
7.634000000000000909e+02
7.630000000000001137e+01
6.558999999999999773e+02
4.873000000000000114e+02
5.806000000000000227e+02
6.278999999999999773e+02
4.367000000000000455e+02
1.958000000000000114e+02
1.339000000000000057e+02
2.821000000000000227e+02
4.766999999999999886e+02
5.930000000000000426e+01
5.061999999999999886e+02
1.952000000000000171e+02
3.500000000000000000e+01
2.575999999999999659e+02
4.655000000000000000e+02
5.683000000000000682e+02
4.263999999999999773e+02
8.677000000000000455e+02
6.760000000000000853e+01
7.566000000000000227e+02
8.755000000000000000e+02
2.820000000000000000e+02
6.480000000000000000e+02
6.976000000000000227e+02
3.515000000000000000e+02
7.822000000000000455e+02
2.731000000000000227e+02
4.724000000000000341e+02
1.755000000000000000e+02
8.032000000000000455e+02
2.983000000000000114e+02
2.900000000000000568e+02
5.368000000000000682e+02
7.102000000000000455e+02
1.167000000000000028e+02
1.778000000000000114e+02
3.210999999999999659e+02
3.571000000000000227e+02
3.653000000000000114e+02
3.418000000000000114e+02
4.201000000000000227e+02
8.236999999999999318e+02
9.510000000000000853e+01
3.143000000000000114e+02
6.270000000000000000e+02
1.002000000000000028e+02
4.750000000000000000e+01
7.588999999999999773e+02
3.892000000000000455e+02
7.351000000000000227e+02
4.833999999999999773e+02
6.458000000000000682e+02
2.991000000000000227e+02
2.871000000000000227e+02
4.821999999999999886e+02
8.775000000000000000e+02
1.916000000000000227e+02
2.428000000000000114e+02
7.886000000000000227e+02
6.055000000000000000e+02
3.961000000000000227e+02
2.770000000000000284e+01
3.939000000000000341e+02
3.531999999999999886e+02
8.389000000000000909e+02
5.636999999999999318e+02
5.592000000000000455e+02
7.073000000000000682e+02
8.086000000000000227e+02
3.303000000000000114e+02
3.824000000000000341e+02
4.356000000000000227e+02
5.363999999999999773e+02
4.454000000000000341e+02
6.763999999999999773e+02
5.281000000000000227e+02
7.807000000000000455e+02
3.381000000000000227e+02
5.307000000000000455e+02
3.730000000000000000e+02
5.377000000000000455e+02
4.473000000000000114e+02
2.781000000000000227e+02
7.611999999999999318e+02
6.508000000000000682e+02
1.122000000000000028e+02
2.290999999999999943e+02
2.618000000000000114e+02
1.952000000000000171e+02
7.125000000000000000e+02
1.450000000000000284e+02
6.479999999999999716e+01
1.739000000000000057e+02
7.459999999999999432e+01
7.407000000000000455e+02
4.523000000000000114e+02
2.471999999999999886e+02
2.993999999999999773e+02
2.866999999999999886e+02
7.322000000000000455e+02
7.283000000000000682e+02
1.441999999999999886e+02
2.030000000000000000e+02
6.177999999999999545e+02
8.776000000000000227e+02
6.699000000000000909e+02
2.055999999999999943e+02
1.490000000000000036e+01
6.667000000000000455e+02
7.855000000000001137e+02
8.762000000000000455e+02
4.689000000000000341e+02
2.153000000000000114e+02
2.766999999999999886e+02
6.590000000000000568e+01
5.802000000000000455e+02
6.284000000000000909e+02
4.048000000000000114e+02
7.906000000000000227e+02
8.653000000000000682e+02
4.322000000000000455e+02
5.937000000000000455e+02
7.568000000000000682e+02
5.010000000000000000e+02
7.150000000000000000e+01
7.578999999999999773e+02
2.287000000000000171e+02
7.367999999999999545e+02
2.523000000000000114e+02
1.556999999999999886e+02
6.950000000000000000e+01
4.425000000000000000e+02
1.781999999999999886e+02
9.750000000000000000e+01
1.612999999999999829e+02
4.719999999999999574e+01
5.975000000000000000e+02
1.380000000000000071e+01
3.885000000000000000e+02
3.318000000000000114e+02
4.736999999999999886e+02
4.308000000000000114e+02
3.971999999999999886e+02
7.923999999999999773e+02
7.466000000000000227e+02
6.444000000000000909e+02
8.762000000000000455e+02
4.589000000000000341e+02
6.015000000000000000e+02
9.330000000000001137e+01
5.543999999999999773e+02
3.735000000000000000e+02
3.817000000000000455e+02
4.911999999999999886e+02
4.360000000000000142e+01
6.394000000000000909e+02
2.913000000000000114e+02
4.163000000000000114e+02
2.276000000000000227e+02
4.685000000000000000e+02
2.015000000000000000e+02
6.142000000000000455e+02
5.640000000000000000e+02
8.772000000000000455e+02
6.033000000000000682e+02
1.610000000000000000e+02
6.880000000000000000e+02
4.193000000000000114e+02
4.196999999999999886e+02
6.780000000000000000e+02
1.265000000000000000e+02
2.435000000000000284e+02
6.142000000000000455e+02
6.481999999999999318e+02
2.824000000000000341e+02
7.443000000000000682e+02
5.312000000000000455e+02
6.478999999999999773e+02
5.619000000000000909e+02
7.430000000000000000e+02
3.271000000000000227e+02
2.490000000000000213e+01
5.522999999999999545e+02
5.972000000000000455e+02
2.116999999999999886e+02
5.853999999999999773e+02
1.455999999999999943e+02
9.630000000000001137e+01
7.416000000000000227e+02
8.226000000000000227e+02
4.833999999999999773e+02
1.214000000000000057e+02
7.671000000000000227e+02
2.043000000000000114e+02
3.737000000000000455e+02
8.677000000000000455e+02
3.792000000000000455e+02
4.920000000000000568e+02
1.325999999999999943e+02
7.798999999999999773e+02
2.429000000000000057e+02
5.235000000000001137e+02
8.211000000000000227e+02
2.791000000000000227e+02
1.251000000000000085e+02
4.866999999999999886e+02
6.050000000000000000e+02
5.993999999999999773e+02
6.028999999999999773e+02
5.455000000000000000e+02
2.320000000000000284e+01
4.528000000000000114e+02
5.699000000000000909e+02
1.402000000000000171e+02
8.485000000000000000e+02
8.270000000000000000e+02
3.160000000000000000e+02
4.936000000000000227e+02
5.648000000000000682e+02
3.610000000000000568e+02
4.745000000000000000e+02
7.504000000000000909e+02
4.736000000000000227e+02
9.270000000000000284e+01
5.565000000000000000e+02
6.682000000000000455e+02
8.456000000000000227e+02
3.259000000000000341e+02
6.186000000000000227e+02
5.038000000000000114e+02
7.946000000000000227e+02
2.126999999999999886e+02
3.698000000000000114e+02
4.543000000000000114e+02
3.147000000000000455e+02
1.475999999999999943e+02
5.453999999999999773e+02
6.538000000000000682e+02
8.657999999999999545e+02
4.911000000000000227e+02
4.230000000000000568e+02
1.030000000000000071e+01
4.084000000000000341e+02
1.870000000000000000e+02
8.768999999999999773e+02
2.369000000000000057e+02
7.350000000000001421e+01
7.400000000000001421e+01
5.673000000000000682e+02
5.060000000000000000e+02
4.063000000000000114e+02
4.492000000000000455e+02
4.412000000000000455e+02
4.601999999999999886e+02
6.308999999999999773e+02
4.119000000000000341e+02
8.402000000000000455e+02
2.195000000000000000e+02
4.908000000000000114e+02
2.035999999999999943e+02
2.956000000000000227e+02
2.840000000000000000e+02
4.963000000000000114e+02
4.623000000000000114e+02
5.338000000000000682e+02
7.240000000000000568e+01
5.127000000000000455e+02
3.793000000000000114e+02
5.870000000000001137e+02
7.403000000000000682e+02
3.188000000000000114e+02
3.870999999999999659e+02
1.983000000000000114e+02
6.811000000000000227e+02
5.010000000000000000e+02
5.579000000000000909e+02
2.305000000000000000e+02
2.495000000000000000e+02
7.472000000000000455e+02
1.768000000000000114e+02
7.852999999999999545e+02
3.479000000000000341e+02
9.070000000000000284e+01
4.445000000000000000e+02
5.907000000000000455e+02
5.382999999999999545e+02
7.611000000000000227e+02
2.168000000000000114e+02
8.365000000000000000e+02
3.199000000000000341e+02
2.000000000000000000e+00
2.483000000000000114e+02
7.865000000000001137e+02
8.199000000000000909e+02
5.870000000000001137e+02
4.574000000000000341e+02
8.376999999999999318e+02
7.514000000000000909e+02
2.355000000000000000e+02
7.526000000000000227e+02
8.173999999999999773e+02
7.543000000000000682e+02
5.325000000000000000e+02
3.794000000000000341e+02
7.487999999999999545e+02
1.566000000000000227e+02
2.440999999999999943e+02
8.688999999999999773e+02
7.467999999999999545e+02
6.048999999999999773e+02
8.445000000000000000e+02
7.478999999999999773e+02
2.436999999999999886e+02
5.726999999999999318e+02
4.633000000000000114e+02
2.821000000000000227e+02
2.519999999999999929e+01
5.662000000000000455e+02
6.545000000000001137e+02
6.070000000000000284e+01
4.021999999999999886e+02
3.716000000000000227e+02
5.136000000000000227e+02
4.715000000000000000e+02
4.566000000000000227e+02
8.246000000000000227e+02
1.670000000000000000e+02
8.767999999999999545e+02
2.938000000000000114e+02
6.233000000000000682e+02
8.613000000000000682e+02
1.879000000000000057e+02
5.137000000000000455e+02
2.360999999999999943e+02
8.515000000000000000e+02
5.925000000000000000e+02
2.696000000000000227e+02
7.738000000000000682e+02
8.737000000000000455e+02
3.296999999999999886e+02
8.103999999999999773e+02
5.693000000000000682e+02
6.755000000000000000e+02
2.247999999999999829e+02
5.880000000000001137e+02
7.393000000000000682e+02
3.760000000000000000e+02
4.149000000000000341e+02
7.055000000000000000e+02
7.172000000000000455e+02
7.821000000000000227e+02
6.668000000000000682e+02
7.392000000000000455e+02
3.570000000000000568e+02
4.210000000000000142e+01
8.115000000000000000e+02
3.969999999999999574e+01
4.236999999999999886e+02
4.786999999999999886e+02
5.377000000000000455e+02
3.098000000000000114e+02
7.420000000000000000e+02
3.318000000000000114e+02
5.559000000000000909e+02
7.161000000000000227e+02
5.296000000000000227e+02
7.544000000000000909e+02
5.986000000000000227e+02
7.506000000000000227e+02
8.829999999999999716e+01
8.763000000000000682e+02
8.135000000000000000e+02
4.243999999999999773e+02
3.758999999999999773e+02
8.478999999999999773e+02
4.343000000000000114e+02
3.470000000000000000e+02
7.415000000000000000e+02
6.902000000000000455e+02
1.702000000000000171e+02
8.089999999999999147e+01
5.505000000000000000e+02
1.836999999999999886e+02
7.273000000000000682e+02
1.420000000000000000e+02
4.130000000000000000e+02
6.438000000000000682e+02
1.529000000000000057e+02
2.514000000000000057e+02
5.228000000000000682e+02
5.282000000000000455e+02
3.484000000000000341e+02
7.488999999999999773e+02
7.073999999999999773e+02
2.486999999999999886e+02
6.976999999999999318e+02
6.891000000000000227e+02
8.241000000000000227e+02
8.446000000000000227e+02
8.463999999999999773e+02
2.875000000000000000e+02
2.050999999999999943e+02
1.044000000000000057e+02
6.493999999999999773e+02
6.155000000000000000e+02
3.223000000000000114e+02
1.937000000000000171e+02
5.713999999999999773e+02
4.693000000000000114e+02
6.023999999999999773e+02
8.275000000000000000e+02
4.776000000000000227e+02
4.278000000000000114e+02
8.557999999999999545e+02
2.570000000000000000e+02
5.606000000000000227e+02
1.272999999999999972e+02
5.830000000000001137e+02
2.325000000000000000e+02
3.506000000000000227e+02
5.493999999999999773e+02
3.278000000000000114e+02
6.762000000000000455e+02
4.101000000000000227e+02
2.456999999999999886e+02
6.405000000000000000e+02
1.533000000000000114e+02
4.921999999999999886e+02
8.507999999999999545e+02
6.581000000000000227e+02
9.439999999999999147e+01
2.154000000000000057e+02
4.010000000000000142e+01
3.441999999999999886e+02
6.489999999999999147e+01
7.641000000000000227e+02
8.617999999999999545e+02
7.942000000000000455e+02
6.495000000000001137e+02
2.491999999999999886e+02
5.702000000000000455e+02
1.554000000000000057e+02
8.206999999999999318e+02
7.200000000000000178e+00
8.109000000000000909e+02
4.385000000000000000e+02
6.669000000000000909e+02
8.031000000000000227e+02
6.427000000000000455e+02
1.915000000000000000e+02
8.710000000000000853e+01
7.939999999999999147e+01
7.872000000000000455e+02
3.266000000000000227e+02
8.661000000000000227e+02
8.653000000000000682e+02
6.485000000000001137e+02
5.911000000000000227e+02
4.638000000000000114e+02
4.241000000000000227e+02
8.565000000000000000e+02
3.700000000000000711e+01
4.786999999999999886e+02
5.480000000000000000e+02
2.030000000000000000e+02
1.202999999999999972e+02
8.012999999999999545e+02
4.276999999999999886e+02
5.362999999999999545e+02
8.771000000000000227e+02
2.100000000000000089e+00
2.196999999999999886e+02
4.427000000000000455e+02
7.423000000000000682e+02
1.960000000000000000e+02
1.192999999999999972e+02
4.068000000000000114e+02
8.190000000000000000e+02
3.611000000000000227e+02
3.570000000000000284e+01
3.760000000000000000e+02
8.011000000000000227e+02
4.566000000000000227e+02
2.196999999999999886e+02
3.558999999999999773e+02
8.532000000000000455e+02
3.345000000000000000e+02
5.389000000000000909e+02
5.346000000000000227e+02
6.025000000000000000e+02
8.654000000000000909e+02
4.046000000000000227e+02
5.732000000000000455e+02
5.433999999999999773e+02
2.741000000000000227e+02
5.130000000000000000e+02
4.161000000000000227e+02
4.300000000000000000e+02
3.017000000000000455e+02
4.479999999999999716e+01
7.822000000000000455e+02
5.492999999999999545e+02
8.007000000000000455e+02
6.408999999999999773e+02
3.593000000000000114e+02
4.166999999999999886e+02
1.785999999999999943e+02
6.388999999999999773e+02
1.821999999999999886e+02
1.959000000000000057e+02
6.910000000000000000e+02
8.757000000000000455e+02
5.897999999999999545e+02
8.686000000000000227e+02
7.182000000000000455e+02
7.168999999999999773e+02
5.510000000000000000e+02
6.408999999999999773e+02
2.918000000000000114e+02
4.401000000000000227e+02
1.620000000000000000e+02
1.050000000000000142e+02
2.941000000000000227e+02
4.211000000000000227e+02
1.864000000000000057e+02
7.555000000000000000e+02
8.530000000000001137e+02
5.270000000000000000e+02
4.396000000000000227e+02
5.941000000000000227e+02
7.578000000000000682e+02
7.106000000000000227e+02
4.614000000000000341e+02
6.458999999999999773e+02
3.633000000000000114e+02
1.881999999999999886e+02
4.554000000000000341e+02
7.081000000000000227e+02
6.321000000000000227e+02
2.160000000000000000e+02
2.736999999999999886e+02
2.780000000000000000e+02
3.305000000000000000e+02
5.170000000000000000e+02
7.860000000000000853e+01
2.699000000000000341e+02
1.640999999999999943e+02
8.420000000000000284e+01
5.913000000000000682e+02
5.007000000000000455e+02
7.688000000000000682e+02
4.676000000000000227e+02
1.147000000000000028e+02
4.759000000000000341e+02
2.453000000000000114e+02
3.743000000000000114e+02
7.113999999999999773e+02
3.591000000000000227e+02
7.611000000000000227e+02
2.585999999999999659e+02
3.934000000000000341e+02
1.343000000000000114e+02
7.005000000000000000e+02
3.128999999999999773e+02
2.721999999999999886e+02
7.671000000000000227e+02
7.180000000000001137e+02
8.594000000000000909e+02
7.026000000000000227e+02
7.029999999999999716e+01
6.861000000000000227e+02
1.157999999999999972e+02
3.613999999999999773e+02
7.426000000000000227e+02
1.227000000000000028e+02
3.455000000000000000e+02
3.150000000000000000e+01
8.734000000000000909e+02
6.665000000000000000e+02
8.510000000000000853e+01
5.730000000000000000e+02
4.203999999999999773e+02
3.045000000000000000e+02
4.700000000000000000e+02
7.691999999999999318e+02
8.009000000000000909e+02
8.363999999999999773e+02
4.310000000000000000e+02
5.425000000000000000e+02
4.571000000000000227e+02
3.995000000000000000e+02
6.867000000000000455e+02
3.102000000000000455e+02
2.193000000000000114e+02
3.182000000000000455e+02
3.451000000000000227e+02
1.227000000000000028e+02
7.736000000000000227e+02
6.158999999999999773e+02
6.281999999999999318e+02
6.562999999999999545e+02
1.171000000000000085e+02
4.426000000000000227e+02
4.951000000000000227e+02
6.960000000000000000e+02
6.104000000000000909e+02
8.405000000000000000e+02
6.050000000000000711e+01
6.280000000000000000e+02
3.855000000000000000e+02
1.495999999999999943e+02
2.529000000000000057e+02
2.165000000000000000e+02
8.241000000000000227e+02
4.960000000000000000e+02
6.787000000000000455e+02
8.447999999999999545e+02
2.575000000000000000e+02
4.413000000000000114e+02
5.840000000000001137e+02
3.057000000000000455e+02
7.996000000000000227e+02
8.373000000000000682e+02
3.862000000000000455e+02
5.382000000000000455e+02
1.778000000000000114e+02
4.517000000000000455e+02
5.649000000000000909e+02
2.093000000000000114e+02
6.128999999999999773e+02
3.500000000000000000e+01
6.067999999999999545e+02
7.354000000000000909e+02
3.860999999999999659e+02
4.771999999999999886e+02
5.358999999999999773e+02
8.560000000000000853e+01
1.227000000000000028e+02
2.631000000000000227e+02
9.380000000000001137e+01
4.128000000000000114e+02
8.661000000000000227e+02
8.490000000000001137e+02
4.450000000000000711e+01
8.343000000000000682e+02
5.261000000000000227e+02
7.259999999999999432e+01
2.110000000000000284e+02
1.365000000000000000e+02
9.190000000000000568e+01
6.112000000000000455e+02
4.383999999999999773e+02
7.762999999999999545e+02
3.230000000000000000e+02
5.415000000000000000e+02
4.361000000000000227e+02
2.527000000000000171e+02
2.603000000000000114e+02
4.535999999999999659e+02
6.727000000000000455e+02
5.332000000000000455e+02
7.372000000000000455e+02
1.429000000000000057e+02
7.805000000000001137e+02
2.153000000000000114e+02
8.758999999999999773e+02
1.299000000000000057e+02
3.081000000000000227e+02
3.321000000000000227e+02
5.373999999999999773e+02
1.838000000000000114e+02
7.587000000000000455e+02
9.140000000000000568e+01
7.989000000000000909e+02
8.607000000000000455e+02
1.665000000000000000e+02
5.429999999999999716e+01
8.326000000000000227e+02
5.702000000000000455e+02
5.620000000000000000e+02
2.851999999999999886e+02
2.343000000000000114e+02
7.257000000000000455e+02
8.776000000000000227e+02
2.088000000000000114e+02
1.945000000000000000e+02
4.134000000000000341e+02
6.124000000000000909e+02
8.781000000000000227e+02
2.360000000000000000e+02
1.805000000000000284e+02
6.207000000000000455e+02
2.428000000000000114e+02
5.435999999999999091e+02
7.939999999999999147e+01
6.216000000000000227e+02
6.240000000000000568e+01
2.415999999999999943e+02
6.397000000000000455e+02
7.492000000000000455e+02
3.234000000000000341e+02
7.570000000000000000e+02
2.771000000000000227e+02
8.505000000000000000e+02
3.768999999999999773e+02
2.741000000000000227e+02
5.665000000000000000e+02
2.287000000000000171e+02
6.841000000000000227e+02
5.621000000000000227e+02
2.941999999999999886e+02
7.060000000000001137e+02
3.112000000000000455e+02
6.531000000000000227e+02
5.596000000000000227e+02
2.095999999999999943e+02
2.473000000000000114e+02
5.465999999999999091e+02
6.388000000000000682e+02
6.068999999999999773e+02
2.848999999999999773e+02
1.000000000000000000e+02
5.861000000000000227e+02
1.652000000000000171e+02
3.610000000000000568e+02
5.622000000000000455e+02
7.066000000000000227e+02
5.596999999999999318e+02
1.650000000000000000e+01
6.042000000000000455e+02
8.022000000000000455e+02
7.503000000000000682e+02
2.539000000000000057e+02
3.526000000000000227e+02
8.389000000000000909e+02
4.156000000000000227e+02
7.591000000000000227e+02
2.365999999999999943e+02
6.765999999999999091e+02
3.551999999999999886e+02
4.271999999999999886e+02
3.813000000000000114e+02
7.840000000000000000e+02
7.560000000000000000e+02
8.632000000000000455e+02
3.885999999999999659e+02
3.878000000000000114e+02
7.173000000000000682e+02
4.096000000000000227e+02
5.743999999999999773e+02
3.536999999999999886e+02
5.345000000000000000e+02
2.669000000000000341e+02
1.456999999999999886e+02
5.619999999999999574e+01
2.144000000000000057e+02
7.196000000000000227e+02
7.517999999999999545e+02
5.615000000000000000e+02
4.628000000000000114e+02
5.215000000000001137e+02
8.127000000000000455e+02
5.373999999999999773e+02
1.395000000000000000e+02
7.454000000000000909e+02
5.706000000000000227e+02
3.255000000000000000e+02
3.808000000000000114e+02
1.449000000000000057e+02
3.625000000000000568e+02
3.961999999999999886e+02
2.875000000000000000e+02
6.868000000000000682e+02
3.800999999999999659e+02
4.398999999999999773e+02
5.523999999999999773e+02
6.425000000000001137e+02
1.132000000000000028e+02
4.308999999999999773e+02
7.407999999999999545e+02
2.866999999999999886e+02
3.113999999999999773e+02
2.858999999999999773e+02
4.216000000000000227e+02
1.150000000000000000e+02
2.158000000000000114e+02
7.326000000000000227e+02
7.063999999999999773e+02
5.383999999999999773e+02
2.834000000000000341e+02
1.453000000000000114e+02
6.210000000000000000e+02
1.343000000000000114e+02
5.599000000000000909e+02
6.539999999999999147e+01
4.240000000000000568e+02
2.539000000000000057e+02
2.094000000000000057e+02
4.191000000000000227e+02
6.638999999999999773e+02
6.673999999999999773e+02
2.410000000000000284e+02
7.655000000000000000e+02
5.022999999999999545e+02
1.141000000000000085e+02
5.809000000000000909e+02
7.500000000000000000e+00
5.216000000000000227e+02
7.087999999999999545e+02
5.622000000000000455e+02
7.295000000000000000e+02
7.493000000000000682e+02
1.829000000000000057e+02
5.092999999999999545e+02
8.647999999999999545e+02
6.240000000000000568e+01
1.049000000000000057e+02
6.625000000000000000e+02
6.434000000000000909e+02
6.587000000000000455e+02
1.141000000000000085e+02
5.411000000000000227e+02
5.600000000000000000e+02
8.329999999999999716e+01
7.540000000000000000e+02
8.377999999999999545e+02
8.383000000000000682e+02
5.525000000000000000e+02
7.432000000000000455e+02
1.590000000000000000e+02
4.201999999999999886e+02
2.533000000000000114e+02
5.422000000000000455e+02
8.712000000000000455e+02
5.411000000000000227e+02
1.478000000000000114e+02
8.493999999999999773e+02
5.320000000000000000e+02
4.124000000000000341e+02
2.639000000000000341e+02
5.492000000000000455e+02
1.932999999999999829e+02
4.651000000000000227e+02
1.531999999999999886e+02
4.356000000000000227e+02
4.831000000000000227e+02
4.704000000000000341e+02
4.796000000000000227e+02
5.400000000000000000e+02
1.775999999999999943e+02
1.140000000000000036e+01
5.392999999999999545e+02
4.568000000000000114e+02
2.737999999999999545e+02
5.855000000000000000e+02
7.090000000000001137e+02
3.061000000000000227e+02
4.499000000000000341e+02
2.119000000000000057e+02
6.900000000000000355e+00
1.067999999999999972e+02
1.325999999999999943e+02
5.403999999999999773e+02
7.600000000000000000e+02
6.036000000000000227e+02
7.571999999999999318e+02
1.384000000000000057e+02
6.308999999999999773e+02
1.113000000000000114e+02
4.515999999999999659e+02
2.262999999999999829e+02
7.431000000000000227e+02
5.376000000000000227e+02
7.731999999999999318e+02
2.350999999999999943e+02
4.670000000000000000e+02
3.717000000000000455e+02
5.816999999999999318e+02
3.284000000000000341e+02
5.368000000000000682e+02
8.365000000000000000e+02
4.570000000000000284e+01
4.789000000000000341e+02
2.050000000000000000e+01
1.403000000000000114e+02
1.599000000000000057e+02
1.092000000000000028e+02
8.078000000000000682e+02
8.442000000000000455e+02
5.213999999999999773e+02
4.348000000000000114e+02
5.512000000000000455e+02
2.186000000000000227e+02
1.763000000000000114e+02
7.374000000000000909e+02
1.580000000000000000e+02
3.290000000000000000e+02
1.930000000000000000e+02
4.251999999999999886e+02
5.458000000000000682e+02
3.108999999999999773e+02
5.592000000000000455e+02
5.313999999999999773e+02
4.188000000000000114e+02
5.430000000000000000e+02
7.314000000000000909e+02
3.291999999999999886e+02
5.470000000000000000e+02
5.241000000000000227e+02
9.070000000000000284e+01
4.784000000000000341e+02
7.493000000000000682e+02
5.055000000000000568e+02
5.826999999999999318e+02
2.002000000000000171e+02
2.793000000000000114e+02
7.182000000000000455e+02
5.039999999999999858e+01
1.118000000000000114e+02
8.704000000000000909e+02
5.442999999999999545e+02
2.910000000000000568e+02
3.563999999999999773e+02
2.788000000000000114e+02
7.507000000000000455e+02
1.927999999999999829e+02
3.568000000000000114e+02
5.989999999999999858e+01
2.034000000000000057e+02
4.614000000000000341e+02
2.310000000000000142e+01
6.955000000000000000e+02
3.150999999999999659e+02
3.374000000000000341e+02
3.763000000000000114e+02
3.500000000000000000e+01
4.126000000000000227e+02
3.916999999999999886e+02
8.019000000000000909e+02
3.319000000000000341e+02
6.961000000000000227e+02
2.318000000000000114e+02
7.105000000000000000e+02
5.828999999999999773e+02
3.016000000000000227e+02
6.800000000000000000e+01
3.918000000000000114e+02
3.990000000000000568e+01
1.607999999999999829e+02
5.378000000000000682e+02
3.750000000000000000e+02
1.778000000000000114e+02
4.693000000000000114e+02
7.140000000000001137e+02
2.661999999999999886e+02
7.061000000000000227e+02
1.400999999999999943e+02
7.735000000000001137e+02
1.663000000000000114e+02
4.198000000000000114e+02
4.420000000000000000e+02
6.460000000000000000e+02
5.805000000000000000e+02
8.783000000000000682e+02
4.255000000000000568e+02
4.066000000000000227e+02
8.770000000000000000e+02
1.358000000000000114e+02
3.250000000000000000e+02
4.769000000000000341e+02
5.923000000000000682e+02
5.580000000000000000e+02
3.283000000000000114e+02
3.227000000000000455e+02
3.399000000000000341e+02
7.481000000000000227e+02
5.347000000000000455e+02
5.465999999999999091e+02
6.498999999999999773e+02
1.339000000000000057e+02
4.716999999999999886e+02
8.196000000000000227e+02
3.444000000000000341e+02
4.873000000000000114e+02
5.806000000000000227e+02
8.685000000000000000e+02
8.386000000000000227e+02
6.578000000000000682e+02
3.633999999999999773e+02
1.454000000000000057e+02
4.754000000000000341e+02
2.821000000000000227e+02
3.339000000000000341e+02
4.011999999999999886e+02
1.307999999999999829e+02
4.650000000000000000e+01
1.627999999999999829e+02
1.755000000000000000e+02
6.278999999999999773e+02
1.290999999999999943e+02
3.500000000000000000e+01
8.712000000000000455e+02
1.958000000000000114e+02
6.558999999999999773e+02
4.819999999999999574e+01
2.820000000000000000e+02
4.367000000000000455e+02
7.634000000000000909e+02
2.575999999999999659e+02
5.368000000000000682e+02
7.566000000000000227e+02
1.740999999999999943e+02
4.655000000000000000e+02
8.677000000000000455e+02
6.760000000000000853e+01
3.210999999999999659e+02
8.775000000000000000e+02
4.724000000000000341e+02
7.822000000000000455e+02
5.061999999999999886e+02
5.629000000000000909e+02
5.930000000000000426e+01
2.983000000000000114e+02
1.167000000000000028e+02
7.630000000000001137e+01
2.731000000000000227e+02
1.002000000000000028e+02
1.952000000000000171e+02
4.766999999999999886e+02
3.961000000000000227e+02
4.263999999999999773e+02
7.102000000000000455e+02
6.480000000000000000e+02
3.892000000000000455e+02
1.778000000000000114e+02
6.976000000000000227e+02
3.143000000000000114e+02
8.755000000000000000e+02
2.900000000000000568e+02
8.236999999999999318e+02
6.270000000000000000e+02
3.571000000000000227e+02
3.418000000000000114e+02
6.055000000000000000e+02
6.458000000000000682e+02
7.588999999999999773e+02
5.683000000000000682e+02
3.515000000000000000e+02
7.886000000000000227e+02
2.991000000000000227e+02
8.032000000000000455e+02
2.428000000000000114e+02
2.770000000000000284e+01
9.510000000000000853e+01
3.381000000000000227e+02
8.086000000000000227e+02
7.568000000000000682e+02
3.653000000000000114e+02
3.939000000000000341e+02
7.351000000000000227e+02
8.389000000000000909e+02
1.916000000000000227e+02
5.592000000000000455e+02
6.508000000000000682e+02
1.490000000000000036e+01
5.281000000000000227e+02
3.303000000000000114e+02
2.153000000000000114e+02
2.871000000000000227e+02
7.407000000000000455e+02
7.073000000000000682e+02
6.479999999999999716e+01
4.356000000000000227e+02
4.821999999999999886e+02
1.122000000000000028e+02
2.766999999999999886e+02
4.833999999999999773e+02
4.473000000000000114e+02
7.807000000000000455e+02
4.454000000000000341e+02
3.531999999999999886e+02
2.781000000000000227e+02
1.739000000000000057e+02
5.636999999999999318e+02
6.763999999999999773e+02
8.653000000000000682e+02
2.030000000000000000e+02
4.689000000000000341e+02
2.290999999999999943e+02
7.125000000000000000e+02
7.611999999999999318e+02
8.776000000000000227e+02
2.618000000000000114e+02
3.824000000000000341e+02
5.363999999999999773e+02
5.307000000000000455e+02
7.906000000000000227e+02
7.283000000000000682e+02
2.055999999999999943e+02
7.578999999999999773e+02
1.450000000000000284e+02
4.201000000000000227e+02
3.730000000000000000e+02
2.287000000000000171e+02
4.523000000000000114e+02
6.699000000000000909e+02
4.750000000000000000e+01
5.937000000000000455e+02
4.322000000000000455e+02
6.284000000000000909e+02
1.441999999999999886e+02
2.866999999999999886e+02
2.523000000000000114e+02
4.425000000000000000e+02
5.377000000000000455e+02
5.975000000000000000e+02
3.885000000000000000e+02
7.322000000000000455e+02
5.543999999999999773e+02
3.318000000000000114e+02
3.735000000000000000e+02
2.993999999999999773e+02
4.719999999999999574e+01
6.481999999999999318e+02
6.590000000000000568e+01
2.276000000000000227e+02
1.952000000000000171e+02
2.471999999999999886e+02
6.177999999999999545e+02
7.150000000000000000e+01
3.817000000000000455e+02
4.048000000000000114e+02
8.762000000000000455e+02
8.762000000000000455e+02
4.163000000000000114e+02
5.802000000000000455e+02
6.394000000000000909e+02
4.360000000000000142e+01
6.667000000000000455e+02
1.612999999999999829e+02
7.466000000000000227e+02
4.196999999999999886e+02
7.459999999999999432e+01
1.610000000000000000e+02
4.685000000000000000e+02
4.736999999999999886e+02
4.308000000000000114e+02
6.444000000000000909e+02
9.330000000000001137e+01
1.556999999999999886e+02
6.142000000000000455e+02
5.640000000000000000e+02
1.380000000000000071e+01
1.781999999999999886e+02
5.853999999999999773e+02
6.033000000000000682e+02
4.589000000000000341e+02
5.010000000000000000e+02
6.950000000000000000e+01
2.791000000000000227e+02
4.911999999999999886e+02
7.855000000000001137e+02
2.015000000000000000e+02
6.880000000000000000e+02
9.630000000000001137e+01
1.455999999999999943e+02
2.435000000000000284e+02
5.522999999999999545e+02
7.367999999999999545e+02
6.780000000000000000e+02
6.478999999999999773e+02
2.490000000000000213e+01
6.142000000000000455e+02
2.043000000000000114e+02
6.015000000000000000e+02
3.971999999999999886e+02
2.913000000000000114e+02
5.619000000000000909e+02
2.116999999999999886e+02
4.920000000000000568e+02
7.443000000000000682e+02
8.226000000000000227e+02
3.792000000000000455e+02
7.430000000000000000e+02
5.972000000000000455e+02
3.271000000000000227e+02
3.737000000000000455e+02
8.485000000000000000e+02
8.772000000000000455e+02
7.671000000000000227e+02
4.528000000000000114e+02
5.648000000000000682e+02
5.312000000000000455e+02
7.923999999999999773e+02
8.677000000000000455e+02
7.416000000000000227e+02
5.235000000000001137e+02
6.186000000000000227e+02
1.214000000000000057e+02
5.455000000000000000e+02
2.824000000000000341e+02
4.193000000000000114e+02
1.325999999999999943e+02
7.504000000000000909e+02
